
4992
4012
4046
4052
4052
4052
3456
3456
3456
4052
4052
4052
3932
3972
3972
4012
4046
4046
3852
3932
3932
3972
3972
3972
3972
3972
4012
3972
3932
3932
3892
3932
3932
3892
3892
3892
4052
4052
4052
3812
3812
3852
3812
3812
3812
3577
3577
3617
4046
4046
4086
3691
3691
3691
3852
3852
3892
3852
3892
3892
3691
3731
3731
3772
3772
3731
3657
3657
3657
3812
3812
3852
3852
3852
3852
3731
3731
3731
3852
3852
3852
4360
4360
4400
5453
5413
5382
5683
5842
5961
6576
6497
6428
7714
7793
7832
7344
7305
7226
7000
6961
6961
7529
7529
7529
7529
7569
7608
6734
6695
6655
7107
7186
7265
7714
7793
7727
6921
6802
6763
7793
7832
7687
7040
7000
7068
7832
7766
7687
6961
6961
7040
7648
7569
7451
6882
6842
6842
7529
7529
7490
7687
7714
7727
7384
7344
7040
7040
7068
7147
7451
7451
7490
7344
7305
7384
6921
6921
7028
7411
7529
7608
7265
7186
7107
6842
6802
6802
6989
7068
7107
7372
7411
7490
6734
6695
6655
6576
6695
6723
7372
7372
7451
6921
6853
6734
7186
7265
7344
7687
7581
7186
7265
7332
7372
7040
6961
7040
6497
6457
6348
6190
6229
6269
6882
6921
7000
7107
7079
7000
6655
6615
6615
6842
6921
7000
7147
7186
7226
6813
6695
6655
6961
7000
7079
7265
7305
7344
6961
6882
6842
7186
7226
7265
7107
7186
7079
6695
6615
6536
6802
6882
6921
6536
6536
6536
7226
7305
7344
6802
6763
6734
6802
6921
7000
7226
7265
7305
7079
7000
6921
6388
6348
6348
6802
6882
6961
6842
6882
6882
6120
6001
5961
5612
5652
5683
6269
6309
6378
6576
6655
6655
6695
6723
6763
6110
6041
6001
5882
6031
6110
6497
6576
6576
6961
6882
6802
6655
6615
6576
4792
4792
4752
6348
6269
6309
6882
6802
6763
7687
7714
7766
7147
7265
7372
7675
7793
7766
7107
7079
7000
7490
6734
6615
5842
5921
6031
6882
6961
7040
7068
7079
7000
6842
6763
6734
7265
7305
7344
6882
6763
6734
6774
6723
6882
6882
6921
6961
7079
7040
7000
6842
6802
6763
7107
7147
7226
6428
6388
6457
5723
5802
5882
6229
6309
6309
6655
6695
6734
6536
6457
6388
5103
5071
5031
5882
5921
5921
6457
6457
6497
7000
6961
6921
6842
6763
6802
5223
5183
5143
6802
6842
6774
7000
6882
6842
7305
7372
7411
7569
7463
7372
5573
5533
5533
6802
6882
6989
6723
6734
6723
7529
7411
7305
6150
6080
6041
6071
6190
6269
7147
7226
7265
7107
7079
7000
7068
7147
7186
5143
5103
5063
6388
6348
6457
6774
6695
6615
7305
7372
7451
7198
7040
7000
7727
7753
7832
7040
7000
6961
7753
7793
7832
4520
4560
4680
6229
6190
6229
6229
6298
6457
7305
7332
7411
6882
6842
6802
7040
7107
7147
7186
7265
7238
7147
7186
7226
7490
7305
7186
6734
6655
6763
7305
7226
7147
6309
6309
6309
5921
5961
6001
6388
6457
6536
6802
6774
6734
6229
6229
6229
5023
4992
4992
6229
6269
6309
6684
6723
6763
6695
6615
6576
6388
6348
6417
5031
4992
4992
6684
6763
6882
6615
6615
6695
7451
7529
7569
6655
6536
6457
5921
6031
6150
7226
7186
7226
7000
6882
6842
7226
7305
7344
4952
4952
4912
6576
6655
6695
6695
6695
6615
7147
7226
7344
7451
7451
7490
4600
4600
4600
6428
6309
6348
7305
7344
7411
7040
7000
7028
7687
7714
7727
6842
6763
6695
7793
7832
7766
7107
7147
7265
7687
7753
7687
7000
6989
7147
6615
6457
6348
5842
5882
5921
6723
6763
6842
6576
6536
6576
7687
7608
7648
7000
6961
6882
6536
6497
6497
6802
6842
6882
6802
6842
6842
7079
6961
6763
6723
6802
6882
7068
7107
7147
6961
6882
6842
7265
7305
7305
7411
7451
7384
6842
6763
6695
6655
6723
6802
7265
7265
7265
6763
6695
6615
6497
6576
6695
4792
4752
4752
6417
6457
6536
6723
6734
6655
6348
6348
6378
6378
6348
6309
4912
4912
4872
6338
6417
6497
6615
6576
6536
6576
6536
6615
6921
6921
6961
4326
4326
4286
6348
6309
6229
6882
6949
7068
7186
7226
7305
7226
6269
6150
6031
6150
6309
7265
7226
7186
6576
6536
6536
7147
7265
7305
4832
4792
4752
6723
6802
6723
6882
6842
6734
7490
7490
7490
6150
6120
6041
6071
6229
6338
7463
7305
7147
6921
6882
6802
7529
7569
7608
4560
4712
4832
6309
6229
6190
6763
6695
6655
7451
7529
7569
6457
6576
6615
5921
6031
6190
6921
6961
7028
7423
7226
7305
7411
7490
7529
4720
4680
4680
6457
6428
6348
7226
7265
7305
7490
7529
7490
6190
6110
6001
6190
6229
6338
7344
7147
7079
6763
6734
6723
7490
7529
7529
4600
4600
4560
6388
6309
6269
6655
6763
6921
7226
7226
7226
6457
6388
6309
5991
6071
6150
6842
6882
6961
6842
6763
6695


5063
4480
4520
4952
4912
4832
3617
3617
3617
3972
3972
3972
4012
4012
4006
4012
4012
4012
4046
4046
4046
4046
4046
4052
3972
3972
3972
3932
3932
3972
3892
3932
3972
3852
3852
3892
4206
4166
4166
3852
3852
3852
3657
3691
3691
3731
3731
3731
4046
4086
4086
4052
4052
4046
3972
3972
3972
3892
3892
3892
3892
3892
3932
3932
3932
3932
3731
3772
3772
3617
3657
3657
3972
3932
3972
3496
3496
3536
3772
3812
3812
4712
4832
5031
6378
6309
6269
6269
6457
6536
7411
7529
7596
7305
7226
7186
7068
7040
6961
7040
7068
7186
7265
7305
7226
6882
6802
6802
7569
7569
7608
7529
7423
7344
6723
6723
6723
7226
7372
7451
7040
7000
6961
7753
7832
7911
7265
7226
7147
7714
7753
7727
7490
7423
7344
7569
7569
7648
7714
7714
7648
6961
6882
6882
7714
7766
7648
7068
7040
7000
7265
7344
7305
7648
7529
7265
7147
7265
7372
7372
7411
7490
7451
7344
7265
6763
6723
6723
7753
7727
7687
7000
6882
6882
7529
7608
7675
7265
7186
7068
7608
7569
7608
7147
7107
7040
7675
7714
7753
7687
7608
7529
5921
5842
5802
5882
6001
6071
6655
6695
6695
7147
7147
7040
6695
6615
6615
6684
6802
6882
6457
6576
6684
6921
6921
6989
6457
6417
6417
5183
5143
5103
5921
5961
6031
6536
6576
6615
6536
6497
6388
6842
6695
6655
6684
6723
6723
6110
6229
6309
6655
6734
6695
6388
6457
6457
6655
6684
6723
6802
6882
6882
6388
6229
6190
6269
6229
6190
6615
6655
6695
6723
6734
6695
6695
6655
6576
6110
6150
6110
5382
5302
5263
6150
6190
6229
6269
6269
6269
6309
6309
6190
6110
6110
6031
5223
5143
5103
5342
5413
5493
5842
5882
5921
6615
6655
6655
6813
6734
6615
5302
5223
5183
5612
5723
5762
6695
6723
6763
6961
6921
6882
6723
6802
6842
7147
7107
7068
7186
7107
7040
6802
6882
6961
7265
6388
6309
5723
5732
5723
6457
6497
6536
6695
6734
6615
6615
6457
6417
6802
6842
6882
6723
6763
6763
6882
6763
6734
6229
6190
6229
6041
6031
6071
6576
6576
6655
6576
6576
6615
6309
6229
6190
6229
6190
6229
6723
6763
6802
6723
6763
6763
6882
6882
6882
6417
6348
6309
6031
6071
6110
6388
6417
6497
6763
6802
6882
6110
6041
5961
5612
5612
5692
5802
5882
5961
6457
6497
6536
6428
6388
6388
5493
5493
5493
6150
6229
6309
6110
6150
6229
6576
6576
6536
6269
6269
6150
6497
6457
6457
6417
6457
6497
6150
6150
6190
6190
6229
6229
6190
6150
6150
6615
6655
6684
6576
6576
6536
5882
5802
5732
5762
5802
5882
5921
5961
6001
6110
6190
6229
5921
5921
5961
6001
6041
6071
4126
4206
4246
5652
5762
5692
6001
5991
6071
6041
6080
6031
6031
6071
6110
4752
4752
4712
5723
5802
5802
6536
6615
6655
6763
6734
6576
6190
6229
6229
5302
5263
5223
5802
5921
5991
6882
6921
7000
6388
6388
6388
6457
6417
6457
4872
4872
4832
6576
6723
6763
6802
6774
6655
7265
7372
7451
7569
7608
7648
4520
4600
4600
6536
6417
6417
7226
7305
7332
7226
7265
7305
7147
7107
7068
7569
7608
7675
7344
7305
7107
7753
7687
7714
5643
5802
5762
6655
6655
6615
7147
7186
7186
6695
6655
6615
6802
6882
7000
7265
7305
7344
6921
6802
6763
6802
6842
6842
4480
4440
4440
6417
6309
6269
6655
6655
6536
5961
5961
5961
5921
5921
6001
6763
6802
6802
6695
6695
6763
6734
6695
6734
6842
6842
6882
4480
4480
4440
5991
6110
6150
6001
6001
6001
6031
6031
6071
6031
6071
6150
6309
6348
6378
6080
6001
5961
6071
6001
6001
6150
6190
6150
6190
6190
6190
6497
6497
6497
6388
6388
6348
6457
6615
6615
6417
6457
6497
6457
6457
6497
6378
6388
6348
6388
6309
6269
6417
6457
6497
6882
6842
6842
6655
6615
6615
6348
6378
6417
5031
4992
4952
5413
5453
5413
5683
5723
5762
6041
6071
6071
5882
5842
5762
5031
4992
4952
5334
5413
5493
6229
6229
6269
6229
6229
6269
6309
6309
6269
6417
6457
6497
4400
4520
4560
6001
5961
5921
6229
6229
6269
6684
6684
6684
6001
5921
5842
5723
5802
5842
6576
6695
6763
7753
7687
7608
7687
7608
7265
6695
6615
6536
5063
5183
5334
7186
7305
7372
7186
7119
7040
6842
6842
6802
5612
5533
5493
6190
6269
6338
7147
7186
7079
7079
6921
6882
7186
7226
7305
4600
4560
4560
6536
6497
6388
6921
6882
6842
6388
6309
6269
7186
7305
7372
4752
4712
4792
6338
6457
6497
6695
6655
6576
7569
7608
7648
6150
6080
6041
5952
6071
6269
7344
7372
7451
7714
7608
7529
6576
6536
6536
7451
7529
7569
7040
7000
6921
7305
7384
7305
6576
6497
6428
6001
6071
6190
6961
7028
7068
7265
7147
7079
6723
6734
6695
6961
7000
7028
7000
7040
7068
6615
6536
6457
6388
6388
6348
6378
6378
6378
6655
6695
6723
6190
6190
6229


5031
3932
4006
4126
4126
4086
3577
3697
3697
3932
3932
3932
3892
3892
3932
3852
3892
3892
3892
3892
3932
3892
3932
3932
3812
3812
3812
3892
3892
3892
3852
3892
3892
3772
3812
3852
3932
3932
3932
4166
4166
4166
3852
3852
3892
3932
3932
3892
3892
3932
3932
3932
3932
3932
3577
3577
3577
4086
4086
4046
3772
3852
3892
4046
4046
4046
4012
4052
4052
4006
4046
4126
3812
3852
3852
3772
3772
3772
4206
4206
4246
3651
3691
3691
5342
5342
5302
6229
6190
6150
7265
7332
7265
6388
6348
6309
7040
7068
7147
7648
7687
7687
7569
7648
7186
7675
7714
7753
7872
7753
7687
6723
6695
6695
7226
7265
7332
7753
7687
7569
7000
6961
6763
6882
7000
7068
7675
7753
7832
7147
7079
6882
7569
7569
7648
7569
7451
7226
7147
7147
7254
7793
7753
7793
7186
7107
7079
7265
7305
7372
7490
7384
7186
7490
7569
7608
7384
7305
7040
7384
7372
7411
7648
7714
7569
7490
7490
7411
6842
6921
7040
7411
7372
7423
6921
7028
7107
7451
7529
7608
7305
7265
7186
7147
7226
7305
7648
7648
7687
6882
6842
6882
7687
7727
7793
5732
5652
5612
5802
5762
5762
6842
6921
7000
7040
6882
6763
6655
6655
6615
5263
5223
5183
6457
6605
6684
7107
7000
6921
6802
6774
6655
6921
6989
7107
5302
5263
5263
6802
6734
6655
6763
6723
6723
7265
7293
7372
7714
7687
7648
4752
4752
4752
6309
6229
6190
6269
6190
6150
6457
6576
6684
7648
7648
7675
4600
4600
4600
6388
6348
6309
6576
6576
6615
7226
7265
7305
7451
7490
7372
4872
4864
5143
6150
6269
6338
7490
7490
7608
6961
6989
7147
5382
5342
5302
7028
7147
7107
6802
6802
6921
6882
6842
6802
7332
7451
7490
4792
4792
4752
6348
6269
6229
6457
6536
6644
7226
7293
7411
5652
5612
5533
5952
6071
6150
7265
7305
7344
7305
7265
7186
6921
6882
6842
5453
5413
5342
6536
6576
6655
7451
7305
7226
7000
7068
7147
7451
7411
7451
4640
4640
4600
6723
6615
6576
6576
6615
6615
7529
7411
7372
6536
6615
6734
6071
6190
6269
6763
6842
6921
7384
7372
7490
7028
7000
6961
5612
5533
5493
6882
6949
7068
7107
7040
6961
7265
7344
7344
7714
7753
7648
4752
4872
5183
6269
6378
6497
7265
7305
7372
7753
7608
7490
6001
5921
5842
5683
5762
5921
7079
7068
7107
7451
7186
7079
6802
6763
6763
5612
5533
5493
6298
6378
6457
7411
7451
7411
7107
7000
6802
7068
7147
7186
4832
4792
4792
7068
7068
6961
7000
6921
6802
6921
6842
6802
7950
7753
7687
5612
5723
5882
6763
6842
6882
7608
7529
7411
6734
6695
6655
5533
5493
5453
6150
6150
6190
7411
7490
7529
7040
7000
6961
7068
7186
7226
5103
5063
5031
6921
6882
6802
7040
7000
7000
7344
7305
7411
6001
5961
5882
5723
5882
6031
7305
7344
7372
7040
6921
6802
7384
7332
7372
4560
4520
4520
6388
6378
6457
6842
6802
6763
7490
7569
7675
6576
6497
6428
5952
6071
6110
7028
7107
7226
7147
7068
7040
7147
7068
7028
4872
4872
4832
6802
6763
6802
7079
6961
6921
7411
7490
7569
6655
6576
6655
5882
5882
5991
7226
7226
7226
7079
7000
6882
6882
6842
6921
4912
4872
4832
6615
6723
6763
7028
7107
7186
6576
6655
6655
7293
7411
7451
4680
4680
4640
6348
6309
6229
6615
6576
6536
7068
7186
7226
6428
6348
6309
5961
6071
6150
6989
7068
7147
7147
7107
6921
6802
6842
6882
5143
5103
5063
6910
7028
7107
6723
6695
6655
6734
6695
6655
7687
6576
6576
5374
5413
5413
7068
7000
6921
7107
7068
7147
7265
7332
7411
4680
4632
4752
6695
6615
6536
6802
6684
6655
7344
7372
7451
6457
6576
6576
6298
6417
6457
6921
7000
7068
6882
6842
6734
6961
7028
7147
5382
5342
5302
6655
6684
6763
6961
6921
6802
6961
6882
6842
6989
7107
7186
4832
4792
4792
6961
7000
6961
7384
7305
7186
6802
6763
6802
7635
7714
7753
4720
4712
4792
6497
6457
6348
6763
6763
6763
7226
7293
7372
6041
5921
5842
6190
6269
6269
7186
7186
7305
7384
7305
7186
6882
6842
6802
5183
5143
5103
6576
6655
6723
7186
7000
6921
6842
7028
7119
7265
7293
7411
4752
4712
4680
7000
6882
6655
6417
6378
6309
7372
7490
7569
6150
6041
6001
6150
6229
6269
7147
7186
7305
7265
7186
7107
7569
7648
7714
4600
4600
4672
6576
6497
6417
7186
7186
7147
7451
7372
7344
6309
6229
6190
5413
5573
5762
7451
7529
7529
6961
6882
6842
7068
7186
7305
4952
4912
4872
6695
6695
6536
6695
6655
6615
7305
7372
7411
7226
7265
7293
4560
4640
4672
6001
6001
5991
6961
7028
7107
7305
7332
7411
5652
5573
5533
5762
5842
5961
7107
7147
7226
7727
7675
7753
7000
6961
6961
5533
5493
5453
6763
6842
6921
6734
6695
6655
6842
6921
7028
7490
6378
6417
5921
5961
6110
6921
6989
7107
7040
7028
7147
6921
6882
6763
5382
5302
5302
6615
6684
6802
7265
7332
7305
6615
6576
6536
7372
7265
7186
5762
6031
6110
6921
7000
7068

