23.817811489105225
24.422054052352905
23.80691123008728
44.20148062705994
25.147724151611328
24.758289098739624
25.165626525878906
24.86510705947876
24.74579381942749
25.57625460624695
25.48889660835266
25.632848501205444
26.588741540908813
26.685543537139893
26.426353216171265
27.683416604995728
27.65080237388611
27.533689975738525
29.340771436691284
29.43217658996582
29.30632472038269
31.881582736968994
31.907734394073486
32.08995175361633
35.82510471343994
35.784934759140015
35.71661734580994
42.41396474838257
42.386348247528076
42.213242530822754
56.87857913970947
56.949007749557495
56.584731340408325
106.27122402191162
106.22854137420654
106.27321481704712
27.034449577331543
25.81846857070923
25.6247136592865
26.31239604949951
